[项目信息]
项目名称=广佛环线佛山西站至广州南站段（顺德段）建设项目
项目所在县区代码=440605
项目所在市县名称=佛山市顺德区
项目类别=铁路
项目投资额=114.8
开发用途=交通
总用地面积=80.0870
占用基本农田面积=0.3700
农用地面积=66.6738
耕地面积=48.6234
园地面积=0
林地面积=0
养殖水面面积=0
其他农用地面积=18.0504
带K地类面积=0
建设用地面积=13.0139
未利用地面积=0.3993
围填海面积=0
是否增减挂钩项目=否
是否属于增减挂钩中发展改革小城镇试点项目=否
是否属于建设用地指标调整项目=否
备注=                
[属性描述]
坐标系=80国家大地坐标系
几度分带=3
投影类型=高斯克吕格
计量单位=米
带号=38
精度=0.001
转换参数=,,,,,,
[地块坐标]
235,6.6272,1,广佛环线佛山西站至广州南站段（顺德段）项目用地地块一,面,F 49G 026083,,,@
1,1,2539748.06,38415088.80
2,1,2539792.99,38415090.56
3,1,2539794.03,38415066.90
4,1,2539794.03,38415066.90
5,1,2539795.22,38415044.73
6,1,2539796.81,38415022.59
7,1,2539798.81,38415000.48
8,1,2539798.81,38415000.48
9,1,2539805.36,38414934.95
10,1,2539805.36,38414934.95
11,1,2539808.09,38414873.11
12,1,2539808.13,38414870.97
13,1,2539811.39,38414797.02
14,1,2539811.48,38414795.02
15,1,2539815.79,38414697.16
16,1,2539815.88,38414695.16
17,1,2539820.19,38414597.18
18,1,2539820.28,38414595.18
19,1,2539824.59,38414497.37
20,1,2539824.68,38414495.37
21,1,2539828.99,38414397.40
22,1,2539829.08,38414395.40
23,1,2539833.39,38414297.57
24,1,2539833.48,38414295.57
25,1,2539835.38,38414252.48
26,1,2539835.38,38414252.48
27,1,2539836.86,38414219.00
28,1,2539836.86,38414219.00
29,1,2539837.84,38414197.62
30,1,2539837.94,38414195.62
31,1,2539838.56,38414182.02
32,1,2539838.56,38414182.02
33,1,2539840.37,38414145.53
34,1,2539840.37,38414145.53
35,1,2539842.21,38414112.03
36,1,2539842.21,38414112.03
37,1,2539843.11,38414097.42
38,1,2539843.24,38414095.42
39,1,2539844.65,38414072.58
40,1,2539844.65,38414072.58
41,1,2539846.40,38414047.52
42,1,2539848.30,38414022.47
43,1,2539850.37,38413997.44
44,1,2539850.54,38413995.44
45,1,2539853.48,38413962.76
46,1,2539856.69,38413930.11
47,1,2539860.18,38413897.48
48,1,2539860.40,38413895.49
49,1,2539864.16,38413862.92
50,1,2539868.19,38413830.38
51,1,2539872.48,38413797.87
52,1,2539872.76,38413795.89
53,1,2539874.05,38413786.50
54,1,2539875.37,38413777.12
55,1,2539876.71,38413767.74
56,1,2539876.71,38413767.74
57,1,2539883.82,38413720.20
58,1,2539883.82,38413720.20
59,1,2539887.26,38413698.50
60,1,2539887.57,38413696.53
61,1,2539891.27,38413673.23
62,1,2539891.27,38413673.23
63,1,2539898.97,38413626.32
64,1,2539898.97,38413626.32
65,1,2539903.32,38413600.26
66,1,2539903.65,38413598.28
67,1,2539905.06,38413589.81
68,1,2539905.06,38413589.81
69,1,2539919.81,38413501.50
70,1,2539920.14,38413499.53
71,1,2539936.29,38413402.83
72,1,2539936.62,38413400.86
73,1,2539952.78,38413304.14
74,1,2539953.11,38413302.16
75,1,2539969.25,38413205.55
76,1,2539969.58,38413203.58
77,1,2539985.81,38413106.42
78,1,2539986.14,38413104.44
79,1,2540002.27,38413007.87
80,1,2540002.60,38413005.89
81,1,2540018.74,38412909.30
82,1,2540019.07,38412907.32
83,1,2540035.27,38412810.34
84,1,2540035.60,38412808.37
85,1,2540051.63,38412712.39
86,1,2540051.96,38412710.42
87,1,2540060.04,38412662.02
88,1,2540060.04,38412662.02
89,1,2540059.06,38412661.86
90,1,2540057.68,38412661.63
91,1,2540057.68,38412661.63
92,1,2540057.84,38412660.64
93,1,2540058.06,38412659.31
94,1,2540067.13,38412605.05
95,1,2540067.45,38412603.08
96,1,2540072.73,38412571.52
97,1,2540073.06,38412569.54
98,1,2540076.68,38412547.84
99,1,2540077.01,38412545.87
100,1,2540082.12,38412515.29
101,1,2540082.45,38412513.32
102,1,2540086.40,38412489.64
103,1,2540086.73,38412487.67
104,1,2540092.34,38412454.13
105,1,2540092.67,38412452.16
106,1,2540095.96,38412432.43
107,1,2540096.29,38412430.46
108,1,2540099.59,38412410.73
109,1,2540099.92,38412408.76
110,1,2540104.53,38412381.14
111,1,2540104.86,38412379.16
112,1,2540110.13,38412347.60
113,1,2540110.46,38412345.62
114,1,2540113.68,38412326.39
115,1,2540114.00,38412324.42
116,1,2540117.71,38412302.22
117,1,2540118.04,38412300.25
118,1,2540122.74,38412272.14
119,1,2540123.07,38412270.16
120,1,2540131.83,38412217.73
121,1,2540131.83,38412217.73
122,1,2540132.81,38412217.90
123,1,2540155.50,38412221.69
124,1,2540156.51,38412221.86
125,1,2540146.74,38412274.12
126,1,2540146.41,38412276.09
127,1,2540141.72,38412304.20
128,1,2540141.39,38412306.18
129,1,2540137.68,38412328.37
130,1,2540137.35,38412330.34
131,1,2540134.14,38412349.58
132,1,2540133.81,38412351.55
133,1,2540128.53,38412383.12
134,1,2540128.20,38412385.09
135,1,2540123.59,38412412.71
136,1,2540123.26,38412414.68
137,1,2540119.97,38412434.41
138,1,2540119.64,38412436.38
139,1,2540116.34,38412456.11
140,1,2540116.01,38412458.09
141,1,2540110.41,38412491.62
142,1,2540110.08,38412493.60
143,1,2540106.12,38412517.27
144,1,2540105.79,38412519.24
145,1,2540100.69,38412549.82
146,1,2540100.36,38412551.80
147,1,2540096.73,38412573.50
148,1,2540096.40,38412575.47
149,1,2540091.13,38412607.04
150,1,2540090.80,38412609.01
151,1,2540081.35,38412665.58
152,1,2540081.35,38412665.58
153,1,2540078.19,38412665.05
154,1,2540077.21,38412664.89
155,1,2540069.12,38412713.28
156,1,2540068.79,38412715.26
157,1,2540052.66,38412811.86
158,1,2540052.33,38412813.83
159,1,2540036.17,38412910.55
160,1,2540035.84,38412912.53
161,1,2540019.70,38413009.16
162,1,2540019.37,38413011.13
163,1,2540003.22,38413107.79
164,1,2540002.89,38413109.76
165,1,2539986.74,38413206.44
166,1,2539986.41,38413208.42
167,1,2539970.27,38413305.03
168,1,2539969.94,38413307.00
169,1,2539953.79,38413403.72
170,1,2539953.46,38413405.70
171,1,2539937.31,38413502.39
172,1,2539936.98,38413504.37
173,1,2539923.08,38413587.53
174,1,2539920.83,38413601.05
175,1,2539920.50,38413603.02
176,1,2539917.74,38413619.58
177,1,2539908.58,38413675.32
178,1,2539904.73,38413699.69
179,1,2539904.41,38413701.66
180,1,2539902.02,38413716.76
181,1,2539894.77,38413765.20
182,1,2539893.19,38413776.29
183,1,2539891.64,38413787.38
184,1,2539890.12,38413798.47
185,1,2539889.85,38413800.45
186,1,2539885.61,38413832.79
187,1,2539881.65,38413865.17
188,1,2539877.94,38413897.58
189,1,2539877.72,38413899.57
190,1,2539874.31,38413932.01
191,1,2539871.15,38413964.47
192,1,2539868.27,38413996.96
193,1,2539868.10,38413998.96
194,1,2539866.21,38414022.29
195,1,2539864.45,38414045.63
196,1,2539862.83,38414068.98
197,1,2539861.46,38414090.41
198,1,2539861.10,38414096.47
199,1,2539860.98,38414098.47
200,1,2539859.90,38414116.84
201,1,2539858.53,38414142.28
202,1,2539856.35,38414186.70
203,1,2539855.91,38414196.45
204,1,2539855.82,38414198.44
205,1,2539854.69,38414223.15
206,1,2539853.57,38414248.63
207,1,2539851.46,38414296.36
208,1,2539851.38,38414298.36
209,1,2539847.07,38414396.19
210,1,2539846.98,38414398.19
211,1,2539842.66,38414496.16
212,1,2539842.57,38414498.16
213,1,2539838.27,38414595.97
214,1,2539838.18,38414597.97
215,1,2539833.86,38414695.96
216,1,2539833.77,38414697.95
217,1,2539829.46,38414795.81
218,1,2539829.37,38414797.81
219,1,2539826.12,38414871.76
220,1,2539826.08,38414873.76
221,1,2539823.35,38414935.68
222,1,2539824.10,38415001.53
223,1,2539824.15,38415023.73
224,1,2539823.79,38415045.93
225,1,2539823.01,38415068.11
226,1,2539821.53,38415101.79
227,1,2539821.53,38415101.79
228,1,2539801.45,38415101.00
229,1,2539807.00,38415168.58
230,1,2539807.00,38415168.58
231,1,2539814.82,38415234.96
232,1,2539814.36,38415243.99
233,1,2539807.22,38415251.77
234,1,2539797.58,38415255.15
235,1,2539740.93,38415271.42
10,0.3354,2,广佛环线佛山西站至广州南站段（顺德段）项目用地地块二,面,F 49G 026083,,,@
1,1,2539884.97,38415261.66
2,1,2539870.25,38415209.54
3,1,2539870.25,38415209.54
4,1,2539858.84,38415156.73
5,1,2539858.84,38415156.73
6,1,2539886.96,38415149.73
7,1,2539886.96,38415149.73
8,1,2539915.41,38415253.3
9,1,2539915.41,38415253.3
10,1,2539884.97,38415261.66
182,62.0687,3,广佛环线佛山西站至广州南站段（顺德段）项目用地地块三,面,F 49G 025083F 49G 025084F 49G 026083F 49G 026084,,,@
1,1,2539816.1,38416220.77
2,1,2539817.46,38416226.6
3,1,2539823.43,38416252.48
4,1,2539848.66,38416241.91
5,1,2539887.36,38416334.29
6,1,2539950,38416483.76
7,1,2540435.12,38416279.88
8,1,2540526.37,38416458.23
9,1,2540547.65,38416836.96
10,1,2540477.68,38417081.52
11,1,2540477.83,38417082.51
12,1,2540498.78,38417110.72
13,1,2540499.12,38417111.67
14,1,2540423.49,38417323.63
15,1,2540369.44,38417502.7
16,1,2540370.17,38417503.55
17,1,2540390.17,38417527.03
18,1,2540391.47,38417528.55
19,1,2540455.04,38417603.16
20,1,2540456.33,38417604.69
21,1,2540519.84,38417679.22
22,1,2540521.13,38417680.75
23,1,2540584.71,38417755.36
24,1,2540586,38417756.89
25,1,2540619.33,38417796
26,1,2540618.94,38417796.44
27,1,2540607.69,38417809.17
28,1,2540572.76,38417768.17
29,1,2540571.46,38417766.65
30,1,2540507.89,38417692.03
31,1,2540506.59,38417690.51
32,1,2540443.09,38417615.97
33,1,2540441.79,38417614.45
34,1,2540378.22,38417539.84
35,1,2540376.93,38417538.31
36,1,2540356.2,38417513.98
37,1,2540335.42,38417489.6
38,1,2540313.27,38417463.57
39,1,2540309.79,38417459.49
40,1,2540249.12,38417386.9
41,1,2540247.84,38417385.37
42,1,2540231.48,38417365.79
43,1,2540199.17,38417325.53
44,1,2540186.14,38417308.86
45,1,2540184.32,38417306.55
46,1,2540154.66,38417267.41
47,1,2540146.32,38417256.08
48,1,2540139.5,38417246.68
49,1,2540132.73,38417237.25
50,1,2540126.02,38417227.77
51,1,2540124.87,38417226.13
52,1,2540106.2,38417199.1
53,1,2540087.97,38417171.75
54,1,2540070.19,38417144.12
55,1,2540069.13,38417142.43
56,1,2540051.86,38417114.53
57,1,2540035.04,38417086.36
58,1,2540018.69,38417057.91
59,1,2540017.71,38417056.17
60,1,2540001.79,38417027.33
61,1,2539986.34,38416998.23
62,1,2539971.37,38416968.88
63,1,2539970.48,38416967.09
64,1,2539956.09,38416937.64
65,1,2539942.19,38416907.95
66,1,2539928.77,38416878.04
67,1,2539927.97,38416876.21
68,1,2539915.09,38416846.12
69,1,2539902.7,38416815.82
70,1,2539890.8,38416785.32
71,1,2539890.09,38416783.45
72,1,2539878.64,38416752.51
73,1,2539867.69,38416721.4
74,1,2539857.26,38416690.1
75,1,2539856.65,38416688.2
76,1,2539846.79,38416656.83
77,1,2539837.45,38416625.31
78,1,2539828.62,38416593.63
79,1,2539828.1,38416591.7
80,1,2539823.44,38416574.03
81,1,2539818.94,38416556.31
82,1,2539814.59,38416538.56
83,1,2539811.17,38416524.04
84,1,2539807.86,38416509.51
85,1,2539804.65,38416494.94
86,1,2539804.23,38416492.99
87,1,2539797.62,38416461.07
88,1,2539791.54,38416429.04
89,1,2539785.97,38416396.92
90,1,2539785.65,38416394.95
91,1,2539783.77,38416383.23
92,1,2539781.95,38416371.51
93,1,2539780.21,38416359.77
94,1,2539777.29,38416338.99
95,1,2539774.59,38416318.18
96,1,2539772.1,38416297.35
97,1,2539771.97,38416295.47
98,1,2539767.91,38416256.33
99,1,2539765.73,38416230.35
100,1,2539764.62,38416217.12
101,1,2539762.11,38416177.85
102,1,2539760.54,38416172.53
103,1,2539759.03,38416167.19
104,1,2539757.56,38416161.83
105,1,2539757.05,38416159.89
106,1,2539749.46,38416127.72
107,1,2539743.66,38416095.18
108,1,2539739.66,38416062.36
109,1,2539739.47,38416060.37
110,1,2539737.45,38416028.83
111,1,2539737.08,38415997.23
112,1,2539738.39,38415965.65
113,1,2539744.43,38415905.96
114,1,2539749.67,38415861.58
115,1,2539749.9,38415859.59
116,1,2539751.26,38415848.14
117,1,2539753.58,38415828.27
118,1,2539756,38415806.31
119,1,2539758.26,38415784.34
120,1,2539760.33,38415762.34
121,1,2539760.51,38415760.35
122,1,2539763.24,38415727.88
123,1,2539765.59,38415695.38
124,1,2539767.56,38415662.86
125,1,2539767.67,38415660.86
126,1,2539767.98,38415654.97
127,1,2539768.28,38415649.07
128,1,2539768.57,38415643.18
129,1,2539768.9,38415636.17
130,1,2539772.17,38415562.07
131,1,2539773.25,38415538.05
132,1,2539773.26,38415536.04
133,1,2539771.6,38415493.51
134,1,2539771.32,38415482.42
135,1,2539771.35,38415471.34
136,1,2539771.68,38415460.26
137,1,2539773.01,38415430.05
138,1,2539778.01,38415430.27
139,1,2539782.42,38415330.33
140,1,2539758.68,38415329.39
141,1,2539760.35,38415286.65
142,1,2539812.13,38415271.93
143,1,2539821.32,38415273.55
144,1,2539828.53,38415282.22
145,1,2539846.32,38415332.84
146,1,2539811.4,38415331.47
147,1,2539806.98,38415431.52
148,1,2539810.98,38415431.69
149,1,2539811.98,38415431.74
150,1,2539810.65,38415461.91
151,1,2539810.01,38415472.98
152,1,2539809.06,38415484.02
153,1,2539807.8,38415495.04
154,1,2539802.28,38415538.26
155,1,2539798.32,38415627.73
156,1,2539797.47,38415647.72
157,1,2539797.27,38415652.52
158,1,2539797.09,38415657.33
159,1,2539796.92,38415662.13
160,1,2539796.85,38415664.13
161,1,2539795.88,38415696.72
162,1,2539795.27,38415729.32
163,1,2539795.01,38415761.93
164,1,2539795,38415763.93
165,1,2539795.01,38415777.41
166,1,2539795.08,38415790.9
167,1,2539795.15,38415801.4
168,1,2539796.05,38415861.83
169,1,2539796.08,38415863.83
170,1,2539797.55,38415961.83
171,1,2539797.58,38415963.83
172,1,2539799.06,38416061.82
173,1,2539799.09,38416063.82
174,1,2539799.7,38416104.92
175,1,2539801.41,38416152.34
176,1,2539801.61,38416155.35
177,1,2539801.83,38416158.36
178,1,2539802.06,38416161.38
179,1,2539802.23,38416163.37
180,1,2539804.19,38416182.97
181,1,2539806.8,38416202.49
182,1,2539810.04,38416221.92
16,0.6154,4,广佛环线佛山西站至广州南站段（顺德段）项目用地地块四,面,F 49G 026083,,,@
1,1,2539763.38,38416479.87
2,1,2539717.79,38416374.66
3,1,2539717.34,38416374.77
4,1,2539714.44,38416273.83
5,1,2539714.38,38416271.83
6,1,2539711.56,38416173.18
7,1,2539711.53,38416172.33
8,1,2539731.52,38416171.60
9,1,2539731.52,38416171.60
10,1,2539734.38,38416271.26
11,1,2539734.44,38416273.26
12,1,2539737.21,38416370.03
13,1,2539737.55,38416369.94
14,1,2539776.98,38416460.61
15,1,2539776.98,38416460.61
16,1,2539763.38,38416479.87
231,5.8232,5,广佛环线佛山西站至广州南站段（顺德段）项目用地地块五,面,F49 G 025084,,,@
1,1,2541526.34,38420275.41
2,1,2541517.53,38420227.2
3,1,2541517.17,38420225.23
4,1,2541499.54,38420128.81
5,1,2541499.18,38420126.85
6,1,2541481.57,38420030.5
7,1,2541481.21,38420028.53
8,1,2541463.58,38419932.08
9,1,2541463.22,38419930.11
10,1,2541445.59,38419833.68
11,1,2541445.23,38419831.71
12,1,2541427.62,38419735.35
13,1,2541427.26,38419733.38
14,1,2541409.62,38419636.92
15,1,2541409.26,38419634.95
16,1,2541391.65,38419538.59
17,1,2541391.29,38419536.62
18,1,2541373.66,38419440.18
19,1,2541373.3,38419438.21
20,1,2541355.67,38419341.8
21,1,2541355.31,38419339.83
22,1,2541337.69,38419243.41
23,1,2541337.33,38419241.44
24,1,2541326.41,38419181.7
25,1,2541319.65,38419145.02
26,1,2541319.29,38419143.05
27,1,2541313.92,38419113.87
28,1,2541301.19,38419047.68
29,1,2541300.62,38419044.98
30,1,2541282.23,38418958.32
31,1,2541280.15,38418949.62
32,1,2541279.69,38418947.67
33,1,2541270.89,38418910.8
34,1,2541265.21,38418888.59
35,1,2541262.07,38418876.75
36,1,2541258.86,38418864.92
37,1,2541255.57,38418853.11
38,1,2541255.03,38418851.19
39,1,2541245.94,38418820.02
40,1,2541236.35,38418789.01
41,1,2541226.25,38418758.16
42,1,2541225.61,38418756.26
43,1,2541216.42,38418729.63
44,1,2541206.84,38418703.13
45,1,2541196.89,38418676.77
46,1,2541195.34,38418672.76
47,1,2541193.78,38418668.76
48,1,2541192.22,38418664.75
49,1,2541191.48,38418662.89
50,1,2541179.33,38418632.78
51,1,2541166.69,38418602.88
52,1,2541153.56,38418573.18
53,1,2541152.74,38418571.36
54,1,2541139.1,38418541.91
55,1,2541124.99,38418512.69
56,1,2541110.4,38418483.7
57,1,2541109.49,38418481.92
58,1,2541094.38,38418453.15
59,1,2541078.8,38418424.63
60,1,2541062.76,38418396.37
61,1,2541061.75,38418394.64
62,1,2541045.24,38418366.68
63,1,2541028.27,38418338.99
64,1,2541010.85,38418311.59
65,1,2541009.76,38418309.91
66,1,2540991.86,38418282.81
67,1,2540973.53,38418256.01
68,1,2540954.76,38418229.5
69,1,2540953.59,38418227.88
70,1,2540951.64,38418225.19
71,1,2540949.69,38418222.5
72,1,2540947.73,38418219.82
73,1,2540912.67,38418173.13
74,1,2540894.86,38418150.32
75,1,2540893.62,38418148.76
76,1,2540839.56,38418082.12
77,1,2540831.75,38418072.83
78,1,2540830.47,38418071.3
79,1,2540789.74,38418022.86
80,1,2540767.33,38417996.52
81,1,2540766.03,38417995
82,1,2540759.3,38417987.08
83,1,2540702.52,38417920.44
84,1,2540701.22,38417918.92
85,1,2540637.63,38417844.27
86,1,2540636.33,38417842.75
87,1,2540607.7,38417809.14
88,1,2540618.95,38417796.41
89,1,2540619.34,38417795.97
90,1,2540649.58,38417831.47
91,1,2540650.87,38417832.99
92,1,2540714.47,38417907.63
93,1,2540715.76,38417909.15
94,1,2540772.54,38417975.8
95,1,2540779.28,38417983.72
96,1,2540780.58,38417985.24
97,1,2540800.75,38418008.94
98,1,2540834.65,38418049.07
99,1,2540843.87,38418060.17
100,1,2540845.15,38418061.71
101,1,2540866.97,38418087.98
102,1,2540907.11,38418137.91
103,1,2540908.36,38418139.47
104,1,2540914.02,38418146.51
105,1,2540929.41,38418166.34
106,1,2540961.55,38418209.22
107,1,2540963.6,38418212.04
108,1,2540965.66,38418214.87
109,1,2540967.7,38418217.7
110,1,2540968.87,38418219.32
111,1,2540987.81,38418246.06
112,1,2541006.31,38418273.11
113,1,2541024.37,38418300.45
114,1,2541025.46,38418302.13
115,1,2541043.03,38418329.78
116,1,2541060.15,38418357.71
117,1,2541076.82,38418385.92
118,1,2541077.82,38418387.65
119,1,2541094.01,38418416.16
120,1,2541109.72,38418444.94
121,1,2541124.97,38418473.96
122,1,2541125.88,38418475.74
123,1,2541140.6,38418504.99
124,1,2541154.84,38418534.47
125,1,2541168.6,38418564.19
126,1,2541169.42,38418566.01
127,1,2541182.67,38418595.97
128,1,2541195.42,38418626.14
129,1,2541207.68,38418656.52
130,1,2541208.41,38418658.38
131,1,2541209.96,38418662.32
132,1,2541211.49,38418666.27
133,1,2541213.02,38418670.21
134,1,2541223.1,38418696.91
135,1,2541232.8,38418723.74
136,1,2541242.11,38418750.71
137,1,2541242.75,38418752.6
138,1,2541252.94,38418783.73
139,1,2541262.61,38418815.02
140,1,2541271.78,38418846.47
141,1,2541272.32,38418848.39
142,1,2541275.67,38418860.42
143,1,2541278.94,38418872.47
144,1,2541282.14,38418884.54
145,1,2541285.77,38418898.61
146,1,2541290.02,38418915.65
147,1,2541296.63,38418943.67
148,1,2541297.09,38418945.62
149,1,2541299.69,38418956.6
150,1,2541307.45,38418991.84
151,1,2541315.71,38419031.56
152,1,2541318.08,38419043.58
153,1,2541323.84,38419072.82
154,1,2541331.48,38419113.14
155,1,2541336.43,38419139.88
156,1,2541336.79,38419141.85
157,1,2541338.12,38419149.05
158,1,2541343.52,38419178.57
159,1,2541354.45,38419238.31
160,1,2541354.81,38419240.28
161,1,2541372.43,38419336.7
162,1,2541372.79,38419338.67
163,1,2541390.42,38419435.08
164,1,2541390.78,38419437.05
165,1,2541408.41,38419533.49
166,1,2541408.77,38419535.46
167,1,2541426.38,38419631.82
168,1,2541426.74,38419633.79
169,1,2541444.37,38419730.25
170,1,2541444.73,38419732.22
171,1,2541462.35,38419828.58
172,1,2541462.71,38419830.55
173,1,2541480.34,38419926.98
174,1,2541480.7,38419928.95
175,1,2541498.33,38420025.4
176,1,2541498.69,38420027.37
177,1,2541516.3,38420123.72
178,1,2541516.66,38420125.69
179,1,2541534.28,38420222.11
180,1,2541534.64,38420224.07
181,1,2541543.46,38420272.28
182,1,2541547.59,38420271.52
183,1,2541553.68,38420304.84
184,1,2541554.04,38420306.81
185,1,2541558.53,38420331.4
186,1,2541558.89,38420333.37
187,1,2541563.75,38420359.93
188,1,2541564.11,38420361.9
189,1,2541574.32,38420417.75
190,1,2541574.68,38420419.72
191,1,2541583.31,38420466.94
192,1,2541583.67,38420468.91
193,1,2541590.19,38420504.55
194,1,2541590.55,38420506.52
195,1,2541596.48,38420538.98
196,1,2541596.84,38420540.95
197,1,2541604.75,38420584.23
198,1,2541605.11,38420586.2
199,1,2541610.29,38420614.5
200,1,2541610.65,38420616.47
201,1,2541616.08,38420646.21
202,1,2541616.44,38420648.18
203,1,2541628.49,38420714.09
204,1,2541628.85,38420716.06
205,1,2541632.05,38420733.54
206,1,2541631.06,38420733.72
207,1,2541608.43,38420737.86
208,1,2541607.39,38420738.05
209,1,2541605.24,38420720.38
210,1,2541604.88,38420718.41
211,1,2541592.83,38420652.5
212,1,2541592.47,38420650.53
213,1,2541587.03,38420620.79
214,1,2541586.67,38420618.82
215,1,2541581.5,38420590.52
216,1,2541581.14,38420588.55
217,1,2541573.23,38420545.26
218,1,2541572.87,38420543.3
219,1,2541566.93,38420510.83
220,1,2541566.57,38420508.86
221,1,2541560.06,38420473.22
222,1,2541559.7,38420471.26
223,1,2541551.07,38420424.03
224,1,2541550.71,38420422.07
225,1,2541540.5,38420366.22
226,1,2541540.14,38420364.25
227,1,2541535.28,38420337.69
228,1,2541534.92,38420335.72
229,1,2541530.43,38420311.13
230,1,2541530.07,38420309.16
231,1,2541522.98,38420276.02
7,3.7734,6,广佛环线佛山西站至广州南站段（顺德段）项目用地地块六,面,F49 G 025084,,,@
1,1,2541739.53,38420998.52
2,1,2541771.38,38421167.98
3,1,2541839.84,38421214.42
4,1,2541848.95,38421262.89
5,1,2541673.95,38421295.79
6,1,2541626.43,38421044.48
7,1,2541649.56,38421015.43
8,0.2803,7,广佛环线佛山西站至广州南站段（顺德段）项目用地地块七,面,F49 G 025082,,,@
1,1,2540926.38,38409901.95
2,1,2540901.60,38409901.80
3,1,2540901.60,38409901.80
4,1,2540902.31,38409787.05
5,1,2540902.31,38409787.05
6,1,2540926.38,38409787.19
7,1,2540926.38,38409787.19
8,1,2540926.38,38409901.95
8,0.1353,8,广佛环线佛山西站至广州南站段（顺德段）项目用地地块八,面,F49 G 025082,,,@
1,1,2540984.60,38409827.07
2,1,2540984.13,38409902.31
3,1,2540984.13,38409902.31
4,1,2540966.38,38409902.20
5,1,2540966.38,38409902.20
6,1,2540966.38,38409826.96
7,1,2540966.38,38409826.96
8,1,2540984.60,38409827.07
8,0.0929,9,广佛环线佛山西站至广州南站段（顺德段）项目用地地块九,面,F49 G 025082,,,@
1,1,2541044.09,38409995.61
2,1,2541044.01,38410009.81
3,1,2541044.01,38410009.81
4,1,2540986.89,38410009.82
5,1,2540986.89,38410009.82
6,1,2540972.23,38409995.16
7,1,2540972.23,38409995.16
8,1,2541044.09,38409995.61
8,0.0991,10,广佛环线佛山西站至广州南站段（顺德段）项目用地地块十,面,F49 G 025082,,,@
1,1,2540928.38,38410077.22
2,1,2540861.86,38410077.03
3,1,2540861.86,38410077.03
4,1,2540861.97,38410059.83
5,1,2540861.97,38410059.83
6,1,2540910.14,38410059.83
7,1,2540910.14,38410059.83
8,1,2540928.38,38410077.22
4,0.2361,11,广佛环线佛山西站至广州南站段（顺德段）项目用地地块十一,面,F49 G 025082,,,@
1,1,2540930.03,38410112.16
2,1,2540933.80,38410191.39
3,1,2540901.86,38410191.19
4,1,2540902.36,38410111.98